68
7
144
164
26
122
181
198
206
187
16
148
208
159
224
162
16
171
59
147
224
187
243
143
116
164
31
22
99
255
231
199
60
83
72
8
71
81
245
161
32
240
13
236
163
2
230
49
177
172
7
170
9
241
186
234
115
59
55
174
196
248
1
87
37
154
243
156
212
43
50
114
234
80
170
133
37
252
186
55
55
20
114
218
123
253
74
249
173
168
56
104
53
33
66
19
141
78
253
10
248
244
252
225
166
132
115
178
205
6
68
38
95
68
249
200
62
247
79
228
185
58
101
47
48
213
228
167
58
90
230
201
201
176
20
24
5
133
214
92
20
218
192
245
52
255
110
183
219
137
